1000 10
0 1
0 2
0 4
0 5
0 6
0 7
0 40
0 42
1 402
1 3
1 662
1 25
1 489
1 13
1 29
1 31
2 49
2 122
3 21
3 9
3 26
3 77
3 589
3 653
4 353
4 34
4 419
4 8
4 363
5 16
5 579
5 745
5 698
6 17
6 33
6 227
6 630
6 30
7 592
7 20
7 12
7 79
8 70
8 72
8 94
9 308
9 439
9 56
9 10
9 74
9 11
9 174
10 37
10 53
10 105
10 91
10 171
10 493
11 304
11 19
11 39
11 151
11 15
12 241
12 18
12 322
12 885
12 108
12 190
13 131
13 405
13 230
13 311
13 14
14 243
14 196
14 634
14 62
15 640
15 387
15 409
16 129
16 401
16 68
16 22
16 682
17 242
17 265
18 194
18 850
18 83
18 137
19 35
19 716
19 781
19 829
20 482
20 52
20 516
20 23
20 103
20 24
20 152
20 313
20 45
21 833
21 58
21 333
22 834
22 147
22 38
22 838
22 47
23 89
23 187
23 28
24 81
24 50
24 424
24 43
24 44
24 429
25 27
26 549
26 54
26 59
26 46
27 801
27 162
27 51
27 106
28 112
28 992
30 82
30 418
30 711
30 184
30 236
31 32
31 215
31 41
31 747
31 63
31 111
31 719
32 707
32 55
32 699
32 124
33 195
33 60
33 572
34 36
34 133
34 935
36 288
37 608
37 135
38 211
38 61
39 245
39 109
39 125
40 305
40 274
40 167
40 426
40 522
41 48
41 67
41 331
42 780
42 494
42 175
43 359
43 57
43 586
43 92
44 666
44 110
44 126
45 181
45 232
46 118
46 263
46 423
46 204
46 782
47 85
47 344
47 249
47 188
47 764
48 417
48 599
48 300
49 535
49 168
49 302
50 163
50 219
51 99
51 69
51 367
52 64
52 389
53 485
53 88
53 73
53 90
53 221
54 146
54 392
54 414
55 520
55 123
55 283
56 71
56 136
57 737
57 437
57 166
57 315
57 685
58 677
58 104
58 254
59 160
59 65
59 161
59 273
59 981
59 159
60 683
60 796
61 80
61 673
61 66
62 386
62 78
63 145
63 721
63 309
63 279
63 471
63 93
63 141
64 153
64 75
64 654
64 143
66 256
66 102
66 556
67 100
68 774
68 138
69 192
69 816
69 84
70 262
70 873
71 169
71 554
72 98
74 189
75 76
76 183
76 347
77 448
77 114
77 120
78 97
78 517
78 714
80 848
80 738
80 95
81 96
81 264
82 178
83 86
83 887
84 193
84 209
86 87
86 107
87 113
87 260
87 615
87 191
88 144
88 101
88 165
88 134
88 637
89 150
89 310
89 669
91 272
92 121
93 299
94 149
94 952
95 895
96 643
96 116
97 768
97 222
98 514
98 115
98 117
98 229
98 408
99 130
99 971
100 294
100 326
100 518
100 119
100 360
101 490
102 689
102 362
102 749
103 320
103 140
104 337
104 577
104 179
104 244
104 303
106 148
106 453
106 345
107 793
107 238
107 622
108 496
108 142
109 905
110 128
110 422
110 200
110 458
111 467
112 173
113 376
113 680
114 420
114 235
115 357
115 748
115 461
116 657
116 633
116 462
117 170
119 154
119 157
120 788
121 547
121 390
122 450
122 202
123 132
125 583
125 826
125 251
125 460
125 636
125 205
126 127
127 226
127 199
127 186
127 203
127 220
128 330
131 525
132 449
132 382
133 612
133 248
133 201
133 383
135 198
135 985
136 176
136 391
138 403
138 789
138 139
138 671
140 913
140 810
141 240
141 507
142 882
142 295
142 296
142 156
142 158
143 293
143 281
143 366
144 314
144 155
145 551
146 452
146 751
146 799
147 257
147 413
148 228
148 729
148 381
149 372
149 648
150 180
150 207
151 224
151 495
153 940
154 674
154 214
154 396
155 371
156 177
156 164
156 269
157 182
159 388
159 218
160 216
162 352
162 432
162 332
162 478
163 484
163 379
164 594
165 356
165 327
165 907
166 500
166 206
167 435
167 980
167 888
168 694
168 395
168 172
168 508
169 616
170 962
170 278
170 425
170 761
171 545
171 690
171 410
171 399
172 656
172 477
172 270
173 929
173 197
173 421
174 739
174 548
174 185
174 954
174 446
175 555
175 317
176 995
176 539
177 297
178 368
178 225
178 253
179 725
180 627
181 961
182 210
182 250
182 476
182 509
183 237
184 375
184 455
184 217
185 899
185 246
187 675
188 621
189 491
190 290
190 212
190 773
190 406
191 560
191 259
192 603
192 252
193 642
193 276
193 234
194 369
194 763
195 512
196 282
197 644
197 393
198 611
198 552
198 989
200 213
200 457
201 280
201 428
202 258
204 818
204 247
205 208
205 708
205 329
205 223
206 318
207 563
207 373
209 497
209 354
209 998
210 504
213 415
214 570
215 618
215 412
215 620
215 575
216 466
217 808
218 233
218 619
219 606
219 239
221 629
222 904
222 638
223 277
223 543
223 703
224 840
225 336
225 338
225 696
225 319
226 231
227 849
228 268
229 526
230 984
231 474
231 444
232 869
232 492
233 307
233 483
233 580
233 328
233 267
234 465
234 723
234 261
236 255
237 443
238 325
239 531
239 473
241 542
242 691
243 609
244 275
244 324
244 686
245 266
245 287
247 358
247 566
247 540
248 576
248 743
248 312
248 301
248 733
248 271
250 693
250 298
252 349
252 511
255 632
255 746
256 285
257 567
258 987
259 433
259 742
260 284
260 524
261 860
262 289
264 499
265 865
267 530
267 286
267 479
268 754
268 470
269 291
270 434
271 339
273 306
273 442
273 750
274 853
274 598
274 377
275 564
275 341
275 557
276 967
276 316
277 613
279 292
280 334
281 645
282 370
282 953
283 537
283 365
284 596
284 348
285 590
288 804
288 820
289 400
289 792
289 968
292 740
293 532
293 407
293 378
295 463
298 814
300 342
301 819
301 374
301 441
301 702
302 323
306 480
306 670
308 561
309 880
309 602
314 891
314 972
315 864
315 533
315 459
316 988
317 726
317 824
317 925
318 571
319 321
320 361
321 404
323 934
323 937
324 941
325 919
325 364
325 830
326 523
326 655
326 943
328 335
329 585
329 617
329 681
330 513
331 658
331 340
332 965
332 587
335 454
335 343
336 785
337 416
337 949
338 346
338 538
339 411
339 351
340 350
341 355
341 997
341 553
341 427
341 397
343 827
345 845
346 839
346 505
346 650
347 486
348 917
349 892
351 440
351 728
353 394
355 641
356 565
360 534
360 559
361 385
361 521
363 472
365 771
370 588
370 447
371 775
372 498
372 436
372 791
372 380
373 546
376 906
377 438
378 384
378 812
379 469
379 958
380 614
380 651
384 501
387 837
387 758
387 584
387 574
388 817
389 591
389 847
392 487
392 398
392 766
396 779
399 803
400 456
403 451
403 652
405 807
405 936
405 667
407 475
407 607
408 536
411 664
411 445
412 879
413 825
414 945
417 431
419 544
419 678
419 712
420 978
423 519
426 464
426 813
426 430
428 605
432 550
432 665
433 647
435 928
435 835
437 920
437 639
440 481
441 720
441 502
442 568
446 601
448 755
451 515
451 582
452 710
452 798
454 593
456 646
457 805
457 488
458 756
459 506
459 668
460 635
461 752
462 468
463 786
464 628
467 631
468 722
473 595
474 529
477 809
478 736
478 659
480 784
480 790
480 573
481 806
482 610
482 503
483 510
484 713
487 852
494 735
500 970
501 762
501 874
505 821
506 976
507 527
508 528
509 700
510 581
516 623
517 931
517 701
518 787
519 776
520 541
522 624
523 772
525 955
526 767
529 875
531 797
532 717
533 889
537 672
542 625
545 578
545 900
545 679
547 600
547 558
550 660
552 890
552 844
555 562
557 757
558 858
563 569
565 884
565 901
567 896
567 626
568 604
569 841
574 902
575 597
575 811
575 718
576 695
577 886
577 734
577 862
582 705
583 649
586 918
586 815
588 663
589 956
590 843
590 911
591 930
593 727
596 800
596 871
597 947
597 908
598 996
600 684
601 893
603 959
606 897
608 910
609 836
615 704
617 709
617 903
621 687
623 692
626 661
627 724
632 876
635 676
639 730
643 861
647 868
647 794
651 831
654 732
659 854
661 932
663 939
665 715
669 783
672 867
674 731
675 777
680 741
680 822
681 765
682 922
683 881
686 944
686 778
687 688
687 915
687 846
690 697
692 842
693 948
694 942
704 706
705 946
710 795
712 977
713 912
713 770
713 760
718 851
720 914
722 957
723 960
723 753
723 993
724 823
728 769
731 832
734 744
736 933
739 802
739 951
747 759
754 994
756 857
760 828
764 966
764 877
768 872
771 878
772 883
772 979
775 855
783 921
787 898
801 870
801 969
802 938
805 859
808 923
816 973
817 856
817 924
823 866
825 991
826 926
838 990
842 894
847 863
851 982
861 916
869 927
876 909
877 964
894 999
903 963
910 975
930 950
946 983
950 974
975 986
14 807
595 717
417 189
676 974
121 543
314 232
684 631
275 141
42 810
245 251
