1000 10
0 1
0 27
0 379
0 94
1 2
1 226
1 20
1 84
1 388
1 5
1 6
1 72
1 619
1 763
1 460
2 880
2 3
2 164
2 104
2 589
3 4
3 26
3 538
3 62
3 79
4 32
4 48
4 36
4 68
4 7
4 335
5 17
6 228
6 725
6 22
6 9
6 25
6 43
6 12
6 892
6 13
6 686
6 31
7 49
7 485
7 886
7 8
7 793
7 11
8 81
8 18
8 450
8 547
8 311
8 270
9 24
9 249
9 10
9 44
9 543
10 209
10 364
10 14
10 110
11 178
11 19
11 67
11 372
11 806
11 695
11 59
11 188
11 15
11 47
12 832
12 37
12 85
12 23
12 697
12 42
13 613
13 442
13 252
14 16
14 214
14 282
14 126
15 374
15 39
15 279
16 532
16 327
16 446
16 191
17 34
17 74
18 35
18 246
18 347
18 445
19 602
19 107
19 237
20 65
20 50
20 21
20 124
20 351
21 980
21 135
21 56
21 553
21 380
21 476
22 803
22 436
22 28
22 236
22 30
22 207
23 224
23 52
23 71
23 63
24 64
24 33
24 69
24 55
25 987
25 60
26 96
26 29
27 116
27 155
27 45
28 720
28 967
28 301
29 225
29 353
29 248
30 916
30 75
30 525
31 805
31 205
32 38
32 791
32 250
32 91
32 92
32 127
33 113
33 245
33 40
33 109
34 51
34 309
35 599
35 41
36 86
36 662
36 141
37 556
37 190
38 356
38 133
38 103
39 432
39 115
39 53
40 366
41 160
41 528
41 87
41 121
41 106
42 481
42 310
42 199
42 251
44 242
44 231
44 46
45 273
45 968
45 61
46 233
46 219
47 272
47 147
47 742
47 540
47 895
48 70
48 78
49 54
49 682
49 204
50 82
51 80
51 146
51 466
51 307
51 820
51 405
51 876
52 98
52 584
53 156
54 192
54 152
54 73
54 268
55 114
55 76
55 159
56 657
56 57
56 58
56 108
56 831
57 66
57 131
57 139
58 281
58 361
59 423
59 89
60 144
60 393
61 593
61 165
62 868
62 954
62 958
63 112
63 500
63 183
64 193
64 83
64 387
64 267
64 111
65 433
66 185
66 687
67 263
67 95
68 508
69 99
69 260
69 77
70 213
70 330
70 332
71 136
71 142
71 174
72 97
73 768
73 162
73 93
74 930
74 171
74 605
75 102
75 134
76 452
76 137
76 143
77 784
77 568
78 888
78 348
79 88
79 125
81 122
81 269
82 275
82 441
82 411
82 398
83 138
83 218
84 346
85 305
85 100
85 123
85 319
86 101
86 117
86 278
87 264
88 129
88 90
90 153
90 170
90 283
91 449
91 863
92 241
92 194
92 182
92 119
92 504
92 202
92 650
92 591
93 105
93 748
94 128
94 118
94 296
94 600
94 235
94 349
95 163
95 334
96 342
97 179
97 195
97 158
99 198
99 120
99 495
100 240
100 287
101 145
101 161
101 197
101 229
102 473
104 212
104 359
105 754
105 723
106 823
106 887
108 931
108 154
109 913
109 243
109 308
109 813
110 609
110 422
111 257
111 130
111 306
111 818
111 389
112 597
113 941
115 175
116 480
117 394
118 497
118 186
119 548
119 606
120 572
121 150
121 280
121 140
122 247
123 166
123 326
124 981
124 167
125 132
125 939
125 396
126 499
126 949
127 890
127 157
128 290
128 338
128 483
128 357
129 196
129 151
129 187
131 256
131 172
133 201
133 203
134 392
134 409
135 149
135 489
136 312
137 336
138 595
138 438
138 799
139 189
139 318
140 435
140 759
140 265
140 859
141 148
142 292
142 285
143 678
143 535
143 648
144 416
145 539
146 775
147 769
147 826
148 399
149 344
149 234
150 944
150 914
150 694
152 378
152 463
153 404
153 905
153 554
153 523
154 173
154 255
155 184
155 297
156 294
156 871
156 169
156 573
157 215
158 258
158 598
158 588
159 176
159 722
159 314
160 221
161 402
161 277
161 629
162 295
164 168
165 227
166 403
166 919
167 465
167 370
167 298
168 631
168 780
169 181
169 874
170 352
170 776
170 217
171 180
171 427
172 624
172 752
172 177
172 639
173 641
174 200
175 261
175 821
175 329
175 299
175 907
175 828
175 239
176 321
176 856
176 953
177 210
179 418
179 230
179 316
179 431
180 774
180 744
181 560
181 313
182 545
182 660
182 343
182 647
182 220
184 232
185 498
185 612
185 365
186 509
187 581
188 456
190 661
190 551
190 620
190 206
191 211
191 792
192 304
194 288
194 355
194 579
195 276
195 795
196 819
197 259
197 587
198 467
198 773
198 262
198 630
198 429
199 618
199 253
200 809
200 506
201 861
201 223
202 716
203 208
203 978
203 517
203 646
203 430
205 564
205 222
205 415
206 757
207 216
207 315
207 638
208 889
208 428
208 397
209 840
209 271
210 322
210 266
212 777
214 454
215 274
215 451
216 401
216 303
218 785
218 917
218 328
218 841
219 755
219 527
220 668
220 317
222 897
222 434
222 933
223 615
223 424
223 425
224 835
224 751
226 675
227 496
227 701
228 753
228 827
229 988
229 621
229 749
229 238
231 582
232 341
233 400
233 565
233 488
233 633
234 737
235 736
235 254
236 471
237 963
237 927
238 552
239 373
239 957
240 300
241 674
242 244
242 522
242 925
243 518
243 503
243 843
244 320
244 816
245 376
245 971
246 284
249 354
249 447
250 407
251 385
253 420
253 443
253 412
255 689
255 562
255 286
256 946
256 494
257 324
257 325
258 526
259 468
259 375
260 901
261 323
261 789
262 289
264 413
264 781
264 830
267 345
267 990
269 804
270 291
271 457
272 484
273 672
273 371
273 293
273 302
275 576
275 455
277 382
278 681
281 734
283 644
283 487
283 331
284 626
285 339
286 458
287 921
289 989
291 559
295 350
296 482
296 358
296 956
297 801
297 839
299 414
301 333
303 377
303 911
305 368
305 362
306 726
306 952
306 649
307 369
307 961
307 419
307 440
307 680
308 608
308 337
308 872
309 544
309 421
311 654
312 771
313 583
314 417
314 519
315 513
315 705
315 408
316 651
318 464
319 790
319 982
320 514
320 462
321 614
321 711
321 426
321 779
322 410
323 738
323 703
324 718
324 575
325 363
326 713
326 875
326 461
328 740
330 659
332 928
332 578
332 938
333 459
334 381
335 530
335 469
336 386
336 786
336 477
337 501
337 870
337 505
338 340
339 900
341 493
342 802
343 384
343 516
343 733
345 391
345 807
346 512
346 592
346 898
347 510
348 634
348 395
350 360
351 739
351 470
352 601
353 912
353 707
355 474
356 741
357 690
357 596
358 997
358 696
360 557
360 367
362 490
362 541
363 511
367 383
369 847
371 566
371 571
372 502
373 817
373 570
373 924
374 714
379 699
381 390
382 617
383 893
384 656
384 717
385 611
389 698
394 622
397 437
397 406
399 965
402 628
402 747
403 851
403 867
405 603
405 478
406 766
407 586
409 670
410 960
411 569
412 783
413 721
417 834
417 531
418 453
418 472
419 439
422 986
423 546
424 448
424 935
425 632
425 745
427 520
429 580
430 669
431 444
434 950
434 475
439 486
439 702
441 908
444 869
444 524
448 860
452 561
452 700
452 910
453 492
453 479
454 507
455 671
456 549
459 964
459 729
461 521
464 764
466 491
468 515
468 555
469 627
469 903
470 945
471 610
472 864
472 558
472 894
474 667
476 896
477 590
479 645
479 693
479 534
480 797
484 708
491 536
493 640
493 812
497 529
499 676
501 623
502 814
504 567
506 836
507 796
507 542
508 758
508 666
509 906
511 625
512 850
514 970
516 824
517 848
517 653
518 882
518 585
521 550
523 658
524 811
525 537
526 837
528 955
530 533
531 706
535 810
537 842
540 652
542 969
543 594
546 563
548 878
551 808
554 947
554 778
554 683
556 577
556 607
561 782
564 760
565 663
568 574
569 833
571 692
576 846
579 800
580 616
585 844
586 691
586 966
586 719
587 642
591 879
593 746
596 854
596 731
598 943
600 761
600 636
602 604
609 855
610 942
611 635
613 765
613 815
617 688
617 677
617 829
618 948
619 715
622 685
626 637
628 825
629 655
630 673
630 881
634 709
634 845
635 756
635 727
638 998
639 643
644 937
646 710
646 798
650 787
655 902
658 664
658 877
659 665
660 976
661 979
664 951
668 712
670 684
671 962
676 679
676 891
676 959
678 772
683 724
684 794
684 909
688 728
689 767
690 915
692 704
694 929
700 992
700 926
706 732
707 904
708 922
713 866
715 873
717 743
720 849
720 862
721 750
727 885
727 735
728 730
731 974
733 762
737 853
738 940
744 934
744 985
747 995
754 770
754 972
760 975
769 994
771 788
782 977
782 918
783 984
787 920
787 973
794 932
802 822
807 852
807 858
834 838
837 857
838 883
847 865
853 899
854 884
858 936
864 923
875 991
906 996
910 983
917 999
980 993
689 918
354 28
224 727
345 692
375 674
836 541
624 581
23 412
519 719
111 444
