1000 10
0 1
0 2
0 162
0 3
0 4
0 9
0 75
0 908
0 498
0 21
0 23
0 89
0 313
1 131
1 211
1 36
1 217
1 282
1 698
1 11
1 13
1 639
2 339
2 5
2 183
2 94
2 15
3 32
3 114
3 100
3 10
3 250
3 28
3 78
4 6
5 16
5 513
5 82
5 52
5 405
5 12
6 149
6 726
6 7
6 375
6 935
6 8
6 24
6 58
6 107
6 139
7 17
7 19
7 103
7 29
7 62
8 512
8 53
8 73
9 176
9 39
9 104
10 65
10 20
10 56
10 30
11 406
11 136
12 64
12 38
12 262
12 25
12 537
12 189
13 598
13 105
13 187
13 14
14 18
14 40
14 506
14 61
14 333
14 846
15 642
15 180
15 586
15 79
16 49
16 129
16 50
16 55
17 48
18 130
18 22
18 43
18 412
19 229
19 234
19 44
19 45
20 609
20 668
21 182
21 279
21 26
21 31
22 83
22 70
22 301
22 111
23 34
23 47
24 33
24 81
24 263
24 207
25 503
25 392
25 587
26 244
26 582
26 27
26 221
26 110
27 630
27 793
27 142
28 618
28 267
29 465
29 132
30 177
30 59
31 51
31 579
31 666
32 54
32 231
32 41
33 96
33 320
33 66
33 35
33 117
33 167
33 346
33 140
33 268
34 225
34 116
34 277
34 171
35 205
35 303
36 37
36 69
36 168
36 154
36 46
37 106
37 685
38 932
38 245
38 203
38 143
40 468
41 321
41 115
41 86
41 102
41 42
41 427
41 92
41 316
43 90
43 127
44 126
44 286
45 179
45 278
45 77
45 398
47 257
47 370
47 67
47 68
47 260
47 87
47 391
48 483
48 996
48 72
48 553
48 190
48 366
49 385
49 660
49 248
49 63
50 561
50 155
51 721
51 403
51 326
52 775
52 60
52 348
53 161
53 482
53 883
53 57
53 396
53 253
54 223
55 599
56 80
56 230
56 71
56 920
57 164
57 431
58 342
58 138
58 651
58 239
60 202
60 795
60 93
61 165
61 533
62 466
63 112
63 429
63 191
64 259
64 84
64 118
64 358
64 382
65 866
65 684
66 625
66 156
66 719
67 624
67 274
67 418
67 147
67 196
67 887
67 667
67 76
67 559
68 98
68 967
68 575
69 148
69 311
69 971
70 214
71 432
71 452
71 389
71 137
71 254
72 977
72 74
72 845
72 95
73 747
74 194
74 88
76 133
76 309
76 360
76 252
77 195
78 85
78 119
78 423
78 812
79 224
79 545
79 166
79 151
79 814
80 91
81 101
81 298
82 193
82 99
82 227
82 141
82 175
83 186
84 128
84 888
84 122
87 938
87 251
87 477
87 159
88 368
88 404
88 169
88 767
89 97
89 145
89 902
90 448
90 307
90 735
91 985
91 125
92 470
94 306
94 201
94 858
94 331
95 501
96 471
96 671
97 656
97 204
98 218
98 491
99 420
99 150
99 347
100 529
100 436
100 854
100 285
100 654
101 242
101 153
101 297
101 957
102 945
102 338
102 312
103 752
103 291
103 739
103 294
103 601
103 842
103 108
103 158
104 144
104 681
104 109
105 113
105 619
106 851
107 273
107 443
107 206
108 597
108 745
108 222
109 889
111 123
111 157
112 272
112 163
112 878
113 852
114 337
114 502
114 982
114 363
115 120
115 426
115 236
116 322
116 199
116 124
117 647
117 941
117 989
118 401
118 134
118 247
118 330
118 397
119 200
119 458
119 235
120 121
120 170
120 319
121 356
122 881
122 246
124 192
124 611
124 135
124 350
125 172
126 288
126 770
126 174
127 763
128 181
129 240
129 354
129 364
129 828
130 906
132 486
132 410
133 488
134 160
134 970
135 688
135 146
136 447
137 327
138 209
139 544
139 430
141 663
141 526
143 243
143 387
143 173
143 749
143 831
144 152
145 627
145 493
146 788
147 384
147 372
147 219
147 541
147 238
148 568
149 226
149 323
149 233
150 487
150 365
150 606
151 720
151 210
151 197
151 393
152 629
153 456
153 697
153 590
154 178
155 324
156 790
156 953
156 922
157 388
158 896
159 511
160 662
161 290
161 708
164 571
165 308
166 304
166 961
168 390
168 343
168 232
169 450
169 723
169 631
170 773
171 504
172 497
172 853
172 791
174 184
174 284
175 213
175 827
175 702
176 963
177 675
177 445
177 573
178 241
178 292
179 496
179 900
179 437
179 220
181 208
181 212
181 318
181 607
182 185
183 336
186 341
186 826
186 188
186 255
187 676
187 981
188 695
188 264
188 424
188 959
189 560
189 751
191 345
192 962
192 374
192 409
193 373
193 344
194 237
196 266
196 554
196 923
196 863
197 198
197 334
198 340
199 678
199 215
199 552
199 283
200 510
201 300
203 893
204 509
205 464
206 359
206 670
207 836
207 216
207 523
209 605
209 861
210 349
211 608
211 258
211 440
212 276
212 765
213 987
213 269
214 256
214 930
214 299
216 677
218 289
218 228
218 328
219 293
219 332
220 376
220 428
220 687
224 818
224 713
224 362
224 444
225 645
226 964
226 315
226 715
227 717
228 270
229 422
230 275
230 603
231 596
232 998
232 280
233 730
235 946
235 261
235 438
237 302
239 394
240 519
240 572
242 600
243 357
243 694
244 305
244 249
245 844
246 369
246 296
247 295
247 463
248 940
248 287
252 329
252 317
253 353
253 610
253 614
254 386
254 378
254 714
256 766
257 658
257 419
257 781
258 673
259 421
259 408
260 355
260 265
260 314
260 794
260 335
262 886
263 825
264 525
265 707
265 310
266 416
266 281
267 840
267 473
267 271
268 371
272 589
273 352
274 834
274 691
274 628
275 566
275 969
277 377
278 505
278 399
279 786
279 472
279 495
280 592
280 820
283 879
284 449
285 459
287 539
288 518
288 743
290 757
290 841
290 527
291 417
291 593
291 540
292 536
293 407
294 402
294 499
294 551
294 460
295 907
296 995
297 867
298 381
298 351
299 434
301 584
302 577
305 929
306 442
310 891
311 474
312 507
313 612
315 476
316 522
317 411
317 380
317 750
318 325
318 965
320 435
320 446
320 479
321 546
322 808
322 524
322 413
322 462
323 832
323 457
324 564
325 535
325 591
326 724
328 480
329 517
329 588
329 973
332 565
333 716
334 494
335 455
336 830
339 774
343 550
344 729
346 975
347 441
347 617
347 415
349 379
351 515
353 425
354 659
355 361
361 753
361 451
361 395
361 367
364 400
364 461
368 516
368 811
370 690
371 563
372 613
373 555
373 383
374 508
375 979
375 921
377 478
380 439
380 621
382 622
383 644
383 638
386 453
386 489
386 910
387 674
388 547
388 500
389 530
391 469
392 531
393 542
395 521
398 562
399 595
400 822
401 955
401 782
406 738
407 414
408 679
408 556
412 819
412 958
413 433
413 583
413 490
413 620
414 956
416 810
417 801
419 976
419 543
420 532
422 705
424 805
425 643
426 467
428 626
428 984
428 682
429 732
430 680
430 475
432 585
433 725
435 736
436 785
436 813
438 623
439 492
439 557
441 454
444 762
448 756
450 538
452 703
454 779
455 534
456 864
456 915
456 652
456 829
459 710
462 806
464 574
464 815
465 728
466 918
468 481
468 709
470 581
470 567
470 604
471 884
471 789
473 484
473 548
474 868
474 485
474 872
475 558
476 594
476 635
478 986
480 641
482 616
485 816
486 901
489 576
489 914
492 744
492 699
493 771
495 640
497 871
498 950
499 783
501 824
501 569
502 602
506 514
506 669
507 764
508 742
509 740
509 948
510 570
515 520
520 933
522 913
523 704
524 528
524 686
525 787
528 880
529 549
536 934
537 803
537 648
538 898
538 804
538 792
540 768
540 636
542 926
543 939
545 755
545 873
547 718
548 661
548 700
549 855
551 655
552 761
554 696
555 800
555 772
556 649
557 689
557 633
557 843
558 578
560 870
560 748
563 869
563 653
564 580
566 778
567 693
568 817
569 731
571 784
572 758
574 931
579 701
581 634
581 925
584 835
587 894
588 847
591 978
592 862
594 974
598 637
600 754
604 734
605 997
607 760
608 664
609 672
613 615
613 759
615 865
615 632
618 665
620 875
622 712
623 821
625 874
625 683
627 692
628 952
628 968
629 646
629 650
630 657
632 777
635 899
635 809
635 909
635 927
640 916
649 727
652 799
654 769
661 877
663 797
664 895
665 796
666 706
682 780
683 917
694 991
695 711
696 722
696 999
696 733
698 972
708 776
715 838
716 849
716 882
718 741
721 737
730 892
731 848
731 924
737 890
738 746
746 823
751 807
752 905
755 876
756 856
760 983
771 904
777 928
777 802
778 936
781 966
784 942
787 885
792 944
792 954
793 798
796 937
802 839
806 897
813 988
816 992
817 947
817 860
818 833
818 857
819 919
826 850
827 994
833 837
838 949
841 912
845 980
846 960
854 859
865 951
870 943
882 903
890 911
923 990
966 993
940 781
888 260
335 147
996 516
854 935
511 679
498 428
215 309
45 242
371 926
