1000 10
0 1
0 988
1 2
1 3
1 4
1 7
1 267
1 141
1 221
2 16
2 544
2 88
2 89
2 377
2 763
2 174
2 15
3 67
3 196
3 5
4 98
4 6
4 871
4 9
5 18
5 519
6 17
6 8
6 25
6 57
6 26
6 11
6 667
6 350
7 49
7 769
7 22
7 12
7 13
7 525
7 14
8 834
8 211
8 356
8 181
8 134
8 23
8 10
8 235
8 62
8 63
9 20
9 245
10 330
10 28
10 30
11 37
11 55
11 301
11 254
12 225
12 164
12 661
12 153
12 380
12 479
13 81
13 51
13 21
13 358
13 248
13 507
13 29
14 34
14 19
15 914
16 197
16 200
16 187
16 76
16 188
17 368
17 36
17 678
17 428
17 189
18 33
18 290
18 133
18 70
19 41
19 345
19 585
19 46
19 31
19 319
20 978
20 58
20 27
20 75
20 878
21 116
21 24
21 40
21 59
22 112
22 296
22 553
23 962
23 460
24 47
24 223
25 64
25 102
25 253
25 159
26 456
26 121
26 175
27 100
27 137
27 42
27 125
27 127
28 71
28 90
28 60
29 39
29 72
29 184
29 122
29 683
30 32
30 210
30 52
30 117
30 216
30 346
31 77
31 365
32 498
32 415
33 128
33 448
33 82
33 35
33 38
33 554
33 543
34 74
34 155
34 61
34 399
35 720
35 43
36 53
36 149
36 44
36 191
37 69
37 87
37 170
37 204
37 45
39 48
39 468
39 983
39 93
39 334
39 287
40 240
40 180
40 198
40 390
40 331
40 780
41 521
41 108
41 413
42 160
42 92
42 78
44 304
45 83
45 101
45 824
45 766
46 50
46 114
46 54
47 118
47 686
47 239
48 205
49 65
49 161
49 722
49 424
49 680
50 97
50 84
50 265
50 186
51 238
52 422
52 135
53 355
53 538
54 68
55 56
55 409
55 923
56 105
58 146
58 418
58 227
58 85
58 246
59 947
60 853
60 280
60 540
60 701
60 79
61 896
61 675
62 821
62 458
63 282
64 178
65 66
65 266
66 423
66 971
67 361
67 91
67 109
68 499
68 284
68 383
69 73
70 80
70 176
70 272
70 837
70 86
70 443
71 262
71 110
73 787
73 714
73 171
75 753
75 147
75 148
75 213
75 94
76 163
76 195
76 447
77 96
79 241
79 185
79 154
79 462
79 703
80 99
81 677
81 138
81 618
82 771
82 151
82 414
82 111
83 242
83 106
83 202
84 721
84 340
85 564
85 526
86 561
87 162
87 354
87 370
88 849
88 344
88 206
89 104
89 840
90 614
90 328
90 425
90 234
91 829
91 430
92 103
92 970
93 309
93 485
93 694
93 393
93 95
94 417
94 839
95 194
95 278
95 491
95 555
95 269
95 638
96 465
96 594
97 179
97 167
97 107
97 126
98 203
99 120
99 906
99 510
100 362
100 367
101 291
101 215
101 140
102 643
103 130
103 119
104 166
105 113
106 192
106 168
106 890
108 115
108 218
109 818
109 219
110 143
110 719
110 991
111 123
112 690
112 124
112 366
113 578
113 132
113 142
113 190
114 156
114 623
116 129
116 706
116 420
116 582
117 929
117 570
118 610
119 576
119 145
119 270
120 546
121 386
122 144
122 382
123 609
123 131
123 470
123 537
124 228
124 437
125 169
125 669
126 416
126 226
126 550
126 488
126 778
127 371
127 199
127 252
128 288
129 274
130 660
130 590
131 177
131 473
131 139
131 845
132 209
132 258
132 534
132 743
132 136
133 601
133 846
134 259
135 157
136 341
136 359
136 201
137 477
138 996
138 506
138 158
139 579
139 247
141 322
141 150
141 152
141 844
141 333
141 541
143 452
143 182
144 224
144 257
144 342
146 663
147 183
148 165
150 883
150 281
151 893
152 229
152 557
153 388
153 664
153 237
154 547
154 214
154 264
154 236
154 351
155 286
156 261
156 327
157 545
157 603
157 478
158 562
158 915
158 454
158 877
160 212
160 173
161 673
161 761
162 419
162 535
162 408
162 573
163 277
164 723
164 613
164 298
165 243
166 172
166 461
167 930
167 918
167 251
168 276
169 232
169 873
170 222
171 527
172 292
173 299
173 572
174 524
174 668
174 381
174 335
175 217
175 697
177 592
177 332
178 320
178 726
178 647
179 704
179 752
179 905
180 279
181 928
181 306
181 486
182 263
182 536
183 685
184 640
184 403
186 635
186 255
187 193
187 484
187 760
187 779
188 411
191 208
191 244
191 693
191 599
192 337
193 283
193 302
193 303
194 494
194 927
196 231
196 363
198 455
199 691
199 710
200 400
200 233
200 314
201 827
201 268
203 571
204 672
204 876
205 384
206 207
208 738
208 297
208 446
210 273
210 792
210 684
211 353
213 811
213 220
213 558
214 737
214 285
215 967
215 392
216 432
216 307
216 709
216 632
217 250
218 300
219 230
219 574
220 511
221 744
221 271
222 336
223 577
224 806
225 656
225 472
225 665
226 294
227 764
227 734
230 317
232 249
232 651
232 559
236 757
236 634
236 622
237 548
237 749
238 260
238 854
240 434
240 323
240 600
242 312
243 503
244 820
244 997
245 308
245 662
247 339
247 975
248 326
249 305
249 897
249 471
249 793
249 575
250 583
251 866
253 957
254 256
254 295
255 517
255 607
256 644
256 429
258 528
258 369
259 391
259 762
261 712
263 310
266 449
266 275
266 316
266 318
267 629
267 329
268 859
270 728
271 293
272 289
273 311
273 315
274 539
274 636
275 987
279 886
279 767
280 630
280 826
281 466
281 360
282 313
283 560
283 551
283 522
283 348
283 716
283 862
284 875
285 385
285 440
286 410
286 395
287 641
287 568
290 321
290 457
291 985
293 376
293 984
294 880
297 898
297 581
297 911
298 483
298 836
299 480
300 531
300 938
301 867
301 347
302 619
304 919
304 441
304 569
305 412
306 475
307 476
308 406
308 343
309 512
309 707
311 674
311 808
311 732
312 324
312 516
312 325
314 352
317 830
318 372
320 373
320 955
321 889
323 504
323 349
324 338
324 436
325 788
325 735
326 375
328 533
330 421
330 702
331 513
331 831
332 396
333 481
333 587
333 733
334 501
334 364
334 860
334 398
334 782
335 387
336 450
337 783
338 961
338 751
342 566
343 595
343 389
343 397
343 589
345 426
346 852
347 438
348 940
349 802
350 378
351 718
352 708
352 394
353 357
353 711
354 490
354 427
356 401
356 773
356 679
358 505
359 431
361 695
362 433
362 586
363 653
363 463
364 625
364 404
364 620
365 948
365 815
367 451
367 549
367 509
368 374
371 904
371 379
372 925
373 981
374 532
374 502
374 892
375 696
378 529
381 838
385 402
385 868
387 565
387 973
387 750
388 464
390 725
391 624
391 879
393 774
393 825
393 459
394 482
394 407
397 976
397 801
397 405
398 742
398 556
399 474
402 453
402 731
404 881
405 500
405 487
406 671
409 781
411 467
412 633
414 754
414 606
416 580
416 492
418 700
420 724
421 692
424 563
424 901
424 646
426 444
427 687
428 442
429 439
430 435
431 493
434 445
436 921
438 899
439 593
439 861
440 508
441 908
443 621
445 800
445 469
446 658
447 977
448 717
450 608
452 518
454 969
455 746
456 941
457 552
457 730
459 797
461 497
462 670
465 496
465 958
466 689
468 715
470 631
470 729
471 953
474 775
475 514
475 856
478 882
479 772
480 489
484 515
484 648
486 659
487 765
488 598
492 617
492 495
493 604
494 652
495 884
499 740
500 542
503 654
505 591
506 902
508 758
510 741
510 951
512 790
514 520
515 523
518 530
521 602
523 810
523 954
526 628
529 756
532 688
532 816
533 567
536 584
542 605
542 637
544 612
545 913
547 936
547 813
554 937
556 739
556 596
559 748
561 713
562 616
563 885
564 946
566 942
568 615
570 627
570 649
572 588
574 681
576 817
581 666
581 682
584 639
586 994
587 626
587 645
587 798
588 611
589 900
591 597
592 650
597 642
598 832
599 657
599 747
602 755
603 858
605 974
607 960
608 736
610 676
612 705
613 888
613 909
615 805
616 926
618 995
618 855
618 698
619 993
620 804
621 699
622 990
626 851
632 803
634 966
634 842
636 776
646 655
647 777
648 945
652 823
659 759
661 822
664 887
667 796
669 841
676 809
687 907
690 786
692 999
693 745
695 870
697 972
697 863
698 944
698 785
698 791
699 949
706 770
707 865
708 912
708 727
710 819
710 895
711 768
711 784
711 963
715 968
718 799
724 812
727 795
729 874
731 891
733 848
738 850
742 828
747 807
750 872
759 964
761 910
766 986
770 835
770 894
772 864
776 998
777 794
778 814
782 869
784 833
785 920
786 789
790 843
797 917
798 943
802 934
811 847
813 857
815 992
815 903
821 950
825 931
825 922
833 924
837 933
844 959
861 939
866 916
892 979
906 932
913 935
915 980
922 989
929 956
938 965
947 952
957 982
998 259
45 59
720 430
409 42
864 506
773 311
707 547
657 613
846 579
994 304
