1000 10
0 208
0 1
0 17
0 4
0 116
0 212
0 934
0 504
0 9
0 10
0 555
1 305
1 2
1 194
1 6
1 54
1 24
1 122
1 11
1 13
2 16
2 96
2 241
2 66
2 3
2 566
2 26
2 15
3 49
3 19
3 87
3 14
3 62
3 590
3 31
4 5
4 21
4 343
4 8
4 202
5 67
5 38
5 506
5 348
5 335
6 820
6 7
6 631
6 41
8 712
8 106
9 180
10 928
10 86
10 39
10 104
10 924
10 94
11 74
11 12
11 271
12 130
12 35
12 235
13 128
13 71
13 431
14 354
14 85
14 55
14 27
14 45
15 288
15 18
15 20
15 37
15 570
15 28
16 257
16 244
16 22
16 23
16 172
17 625
17 329
17 30
18 68
19 48
19 386
19 323
19 52
20 69
20 70
20 25
20 170
21 33
21 29
21 46
21 238
22 32
22 121
22 703
23 73
23 683
24 768
24 182
24 40
25 34
25 339
25 53
25 311
25 43
25 894
26 704
26 99
26 132
26 363
26 109
27 36
27 454
27 279
27 92
28 816
28 234
29 160
29 989
29 111
30 448
30 65
30 465
30 162
30 932
30 42
32 97
32 56
32 313
33 249
33 681
33 75
33 253
34 161
34 189
35 788
35 133
36 82
36 51
36 457
36 58
37 134
37 59
38 176
38 149
38 91
38 220
38 300
38 93
39 359
39 44
39 77
40 402
40 63
41 100
41 404
41 315
42 163
42 117
42 806
42 346
42 190
42 767
43 81
43 531
44 560
44 736
44 50
44 57
44 110
45 916
45 277
45 88
45 157
45 47
46 243
46 61
46 78
47 434
47 204
47 142
48 263
48 392
49 144
49 754
49 583
50 64
50 216
50 76
50 572
51 548
51 821
51 749
52 192
52 131
53 152
53 428
53 350
54 60
55 181
55 173
56 141
56 301
56 574
58 738
58 148
58 453
58 72
59 535
59 154
60 112
60 525
61 819
61 411
61 367
62 624
62 610
62 844
63 185
63 826
63 79
64 151
64 143
65 962
65 980
66 512
66 516
66 439
66 120
66 108
67 80
67 256
67 84
68 230
68 344
69 322
69 325
69 214
69 95
70 250
70 124
71 166
71 777
72 594
72 83
72 102
72 175
73 90
73 223
74 576
74 150
76 904
77 103
77 105
78 183
78 824
79 832
79 435
79 920
79 425
80 114
80 268
81 545
81 744
82 356
82 119
82 207
83 115
83 501
83 118
83 589
84 89
85 546
85 169
87 320
87 695
87 879
88 98
88 101
88 389
90 407
91 947
91 773
91 414
92 341
93 259
93 491
94 312
94 137
94 201
94 809
94 639
95 707
95 299
95 270
96 645
96 987
96 252
96 332
97 209
97 186
97 221
97 319
99 711
99 139
100 177
100 881
100 196
100 650
100 187
100 543
101 113
101 345
101 140
101 188
101 125
101 206
102 307
102 660
102 138
102 255
104 193
104 387
104 565
104 199
104 158
105 421
105 107
105 205
106 324
106 237
107 662
107 519
107 127
108 129
108 123
108 396
108 573
108 191
109 678
109 855
109 412
110 561
110 380
110 413
110 126
111 135
112 146
112 869
112 265
113 228
113 155
113 571
113 444
114 379
115 630
115 807
115 505
116 441
117 327
118 246
119 691
119 200
120 785
120 484
121 233
121 828
121 461
123 147
123 153
123 159
124 781
125 963
125 136
126 178
126 167
126 383
127 219
127 511
128 401
128 868
128 696
128 281
128 489
128 317
128 477
129 224
129 355
129 260
129 276
130 240
130 388
130 536
130 217
131 601
131 302
131 334
132 604
132 732
133 316
134 247
134 761
134 591
135 171
136 865
136 168
137 145
138 261
139 496
139 179
139 211
139 472
139 399
140 213
140 438
141 210
141 164
141 198
141 728
141 969
141 876
141 462
141 351
145 419
145 184
145 218
146 195
146 517
146 839
147 275
147 437
147 156
148 452
148 644
148 203
148 508
148 812
148 239
149 611
149 280
149 296
149 286
150 500
150 357
150 933
151 470
152 710
153 372
153 798
154 469
155 360
156 498
157 818
157 997
157 495
158 673
158 567
158 297
158 669
158 174
159 165
159 283
160 197
160 342
161 802
162 381
164 547
164 406
164 474
165 352
166 340
166 903
167 227
167 743
167 542
168 450
168 292
170 310
171 373
171 446
172 226
172 982
172 232
174 370
176 524
177 520
177 409
177 318
178 460
180 497
180 251
182 293
182 747
183 266
183 909
184 656
185 532
185 740
185 278
185 550
185 269
185 782
186 225
187 528
187 667
188 321
188 468
189 689
189 633
191 375
192 282
194 436
194 487
195 405
195 494
196 533
197 248
198 701
199 518
200 215
202 529
202 393
202 267
202 923
203 308
204 915
205 562
205 613
205 231
205 523
206 878
206 479
207 554
208 272
208 229
208 284
208 527
209 371
210 353
210 537
212 295
212 376
213 242
213 884
213 597
213 287
214 254
215 833
215 764
215 222
216 900
216 647
218 608
218 641
219 682
221 415
222 483
222 362
222 285
224 328
225 514
226 274
226 294
227 273
227 337
229 416
230 290
230 722
232 369
232 391
233 938
234 417
234 262
234 236
235 432
236 368
236 983
236 298
236 349
237 793
238 291
238 245
239 709
239 440
240 309
240 953
241 390
241 999
242 877
243 713
243 478
244 838
245 640
245 522
246 874
247 642
247 730
247 765
248 742
249 564
249 751
250 258
250 540
252 985
252 541
252 814
253 538
253 463
254 289
256 634
258 364
259 993
259 395
260 398
261 663
261 264
261 397
263 563
263 492
264 853
265 502
265 935
267 791
267 719
268 394
268 303
270 626
270 499
270 871
270 424
270 939
270 748
271 776
271 521
273 692
276 649
277 568
278 752
278 481
278 677
278 456
278 314
279 619
281 804
283 486
283 552
285 790
287 769
287 902
289 336
289 330
289 734
290 635
290 815
291 582
291 717
292 986
292 588
294 803
294 726
295 464
295 306
295 636
296 960
296 331
297 674
297 430
298 365
298 846
299 549
302 304
302 480
302 596
303 912
304 326
304 890
304 829
305 592
305 931
305 615
307 400
308 675
308 347
308 443
310 451
310 741
311 664
311 442
311 490
312 338
313 482
313 410
314 569
314 637
316 593
316 420
316 333
318 612
318 618
318 686
319 358
322 361
322 510
323 581
325 385
326 377
327 659
327 653
332 857
332 861
333 374
335 729
335 458
335 796
337 366
338 507
339 880
339 779
340 467
341 382
342 837
342 936
344 817
347 559
350 384
350 835
351 921
352 544
352 974
353 621
354 984
356 693
356 694
357 422
357 648
357 493
358 471
359 578
359 930
359 759
360 585
361 961
363 577
364 862
364 735
366 973
370 509
371 898
373 860
374 488
374 378
376 556
376 605
376 447
377 579
377 797
378 427
378 651
379 822
379 429
380 757
383 449
383 948
385 408
385 715
387 475
388 760
388 699
392 418
393 403
393 702
395 964
395 956
398 638
399 716
400 617
401 503
402 850
405 852
405 665
408 476
409 870
410 756
412 992
414 433
416 720
418 698
420 423
420 927
421 883
421 553
421 445
423 911
424 426
427 485
427 841
429 724
429 473
430 455
430 551
432 459
436 977
438 643
438 907
439 607
440 632
440 620
442 725
442 603
442 830
443 875
445 727
446 466
446 906
447 708
447 795
453 843
454 530
455 929
455 775
455 654
456 602
457 584
461 513
467 609
467 646
468 910
473 994
475 627
477 616
479 847
484 845
485 606
486 998
488 922
489 770
489 595
490 887
491 599
492 668
493 772
493 780
495 580
498 670
501 739
505 810
505 971
506 778
506 718
506 575
507 687
510 515
510 600
511 539
511 526
513 805
520 629
524 534
525 954
527 908
528 731
528 655
529 891
530 688
534 586
536 623
537 784
537 558
537 926
539 598
540 690
541 851
543 896
547 587
554 622
555 808
555 557
556 628
556 746
558 892
562 714
566 981
572 866
573 706
574 658
577 856
577 942
582 758
582 794
583 949
584 684
586 661
587 671
589 614
590 801
598 946
598 919
600 975
602 697
607 672
608 733
616 657
618 873
618 889
620 858
622 988
624 762
624 990
625 940
627 848
628 842
629 680
631 700
637 978
640 652
642 864
643 834
645 737
646 771
647 787
647 918
649 792
651 721
651 970
652 723
656 685
657 750
658 679
660 849
663 823
664 885
664 666
668 676
675 745
679 766
683 786
686 705
686 951
687 901
687 991
688 925
694 882
699 836
705 995
706 800
706 872
715 783
720 950
730 755
730 789
730 763
733 867
734 895
735 967
739 968
750 813
751 753
755 840
760 897
762 774
763 944
767 799
771 863
777 957
786 952
791 825
795 893
798 811
800 914
800 827
803 886
817 955
825 854
826 831
828 859
833 913
843 976
849 941
854 888
855 996
859 937
869 917
879 899
880 905
888 945
914 972
923 979
930 966
932 943
940 958
946 959
951 965
191 411
581 22
904 660
351 537
476 0
854 48
532 871
64 222
443 789
851 411
