500
0 1
0 2
0 34
0 13
0 45
0 301
1 96
1 3
1 4
1 5
1 10
1 14
1 16
1 48
1 57
1 313
1 218
1 27
1 156
2 18
2 19
2 6
2 7
2 119
2 11
2 123
2 77
3 80
3 17
3 402
3 359
4 37
4 199
4 106
5 262
5 23
5 9
5 155
5 12
5 61
6 85
6 168
6 216
6 206
6 286
7 8
7 42
7 47
8 128
8 69
8 22
8 24
8 58
8 43
9 129
9 136
9 75
10 418
10 21
10 246
10 268
10 31
11 35
11 26
11 380
11 15
12 52
12 186
12 267
13 422
13 59
13 28
14 289
14 324
14 25
14 41
15 115
15 437
15 171
16 81
16 56
17 466
17 152
17 425
18 20
18 278
18 92
19 448
19 65
19 40
19 232
19 457
19 348
19 111
20 67
20 54
22 320
22 150
22 89
22 29
23 32
23 50
23 274
23 148
23 135
24 100
25 164
25 76
25 220
26 33
26 38
26 86
26 454
26 30
27 39
27 72
28 64
28 36
29 83
29 116
29 276
29 344
30 103
30 74
30 124
30 460
33 70
33 55
33 91
34 99
34 406
34 391
34 255
35 114
35 73
35 95
36 211
36 63
37 121
37 461
38 44
39 101
40 192
40 296
40 109
40 158
41 120
41 137
42 49
42 389
42 71
43 473
44 360
45 53
45 409
45 205
45 46
45 94
46 82
46 138
47 496
47 51
49 125
50 144
50 98
50 188
51 264
51 250
52 60
53 196
53 372
53 90
54 358
55 112
55 149
57 176
57 147
58 181
58 93
58 78
59 226
59 62
60 318
61 132
61 253
62 275
63 305
63 66
63 265
64 462
64 143
65 421
65 141
65 79
66 370
66 68
66 117
66 214
66 184
67 219
68 488
68 153
70 270
70 159
72 166
72 376
72 154
72 254
73 436
73 104
74 102
74 140
75 87
76 195
76 84
76 334
76 127
77 88
77 107
78 489
80 185
84 242
84 269
85 197
86 180
86 303
86 367
87 308
87 297
88 337
88 189
88 335
89 97
89 113
89 161
89 355
91 291
91 157
93 160
93 139
94 208
95 162
96 229
96 105
96 345
96 443
97 282
97 478
98 134
98 329
98 239
100 209
100 382
101 317
101 287
102 352
103 130
103 108
103 110
104 241
104 463
105 310
105 172
105 126
106 420
107 146
107 295
107 427
108 238
109 118
109 236
109 333
110 433
110 234
111 288
111 233
111 429
111 142
112 133
112 285
113 177
113 403
113 341
113 470
114 393
114 202
116 145
116 169
116 122
116 223
117 294
118 399
119 356
119 440
120 438
123 306
123 476
124 187
125 131
125 373
125 217
125 190
127 258
127 163
127 387
128 414
129 247
131 212
131 165
132 182
133 487
134 407
134 378
134 415
135 210
139 193
139 331
140 167
140 283
142 151
144 178
144 354
144 281
144 237
144 175
144 479
145 266
147 474
148 170
149 397
150 201
151 451
153 194
153 458
154 248
155 260
156 179
156 259
158 353
158 227
158 200
161 204
161 445
162 244
162 261
162 330
165 257
165 311
166 183
168 484
169 221
170 309
170 174
171 173
172 224
172 225
172 191
174 302
175 252
175 350
176 228
176 203
177 235
177 207
178 198
181 243
183 328
184 336
185 231
185 492
187 435
188 396
189 256
192 491
193 222
194 316
197 444
197 271
198 349
201 405
201 486
202 251
205 347
206 277
206 326
207 249
208 482
208 213
208 230
209 327
211 279
212 215
213 272
214 385
214 374
216 498
217 412
219 273
219 245
219 472
222 314
223 322
223 315
224 464
226 404
226 395
229 323
230 240
230 263
235 499
236 383
241 293
245 481
246 400
246 346
247 300
252 292
255 298
255 284
257 343
258 361
261 325
261 494
262 290
266 357
267 411
270 480
272 423
272 426
272 319
273 369
273 453
273 280
275 384
275 441
275 428
277 377
278 390
281 312
285 339
288 449
291 392
294 307
294 495
295 430
297 431
298 299
299 490
301 340
301 452
302 469
302 364
303 304
303 321
307 447
308 432
312 424
315 467
315 351
318 483
321 410
322 442
323 368
324 363
324 332
325 450
327 398
328 338
330 465
332 342
333 362
342 459
343 386
344 408
345 375
345 446
347 417
352 413
354 401
355 371
358 477
361 365
362 366
367 388
368 434
369 468
370 475
371 379
373 381
374 394
375 456
379 419
383 485
389 497
400 416
431 471
437 439
442 455
456 493
