500
0 16
0 1
0 17
0 113
0 2
0 4
1 34
1 259
1 53
1 24
1 11
1 75
1 286
2 3
2 19
2 20
2 21
2 6
2 38
2 7
2 56
2 264
2 95
3 69
3 9
3 12
3 30
4 97
4 82
4 5
4 28
4 14
5 326
5 71
5 29
5 15
6 8
6 73
6 267
6 13
7 18
7 133
7 460
7 46
8 400
8 246
8 392
8 60
8 78
9 177
9 290
9 179
9 101
9 135
9 407
9 10
9 431
10 306
10 147
10 309
11 391
11 378
11 59
12 160
12 65
12 215
13 129
13 25
13 441
15 226
15 137
15 44
16 49
17 81
17 26
17 287
18 32
18 352
18 52
18 124
18 142
19 41
19 94
20 22
20 23
20 238
20 79
21 33
21 322
21 67
21 72
22 355
22 342
22 27
23 55
23 136
23 220
23 61
24 167
24 40
24 43
25 221
25 63
26 35
26 159
27 412
28 31
29 37
29 231
29 359
29 122
29 348
29 109
29 191
30 114
30 457
30 138
30 364
31 36
31 85
32 275
32 54
32 39
32 90
33 464
33 418
33 51
34 130
34 148
34 344
34 141
34 110
34 47
35 48
35 99
35 294
36 116
36 86
36 190
37 83
37 198
37 92
38 149
38 486
38 254
39 50
39 293
39 120
39 89
39 185
39 42
39 154
40 162
40 429
40 223
41 234
41 45
41 494
42 100
43 57
44 68
44 389
44 58
45 76
47 209
49 80
49 103
50 70
50 77
51 88
51 300
51 205
52 87
52 152
52 255
52 479
53 128
53 168
53 268
54 433
56 453
56 361
57 432
58 64
59 112
59 161
60 66
60 125
61 498
61 84
61 261
61 199
61 123
61 62
61 174
62 74
62 318
63 121
64 171
64 315
64 127
66 436
66 330
67 145
67 104
67 217
68 194
69 304
69 354
69 228
70 143
71 370
71 164
71 485
71 313
73 108
74 166
74 153
74 158
75 201
75 156
76 211
76 106
77 283
77 126
78 263
78 232
78 360
78 303
79 134
80 292
80 102
80 119
80 175
81 374
81 139
81 155
81 430
81 111
82 323
83 117
83 312
84 183
84 216
84 93
86 105
86 443
87 151
87 91
88 98
88 274
89 473
89 394
89 410
89 413
89 447
90 96
91 115
95 212
95 296
99 144
101 369
101 472
103 272
103 118
103 157
104 288
104 353
104 311
104 222
105 107
106 276
106 206
107 258
107 131
107 435
108 362
108 347
109 172
110 176
111 295
112 416
113 150
113 253
114 403
114 187
115 225
115 178
115 202
115 269
116 448
117 499
117 469
118 257
118 182
120 146
120 383
121 192
121 188
122 193
122 132
122 181
123 242
124 140
125 454
127 163
127 358
127 463
128 350
129 278
131 492
132 357
132 218
133 189
135 470
135 399
136 271
140 401
142 197
143 208
145 210
145 466
145 373
146 317
147 169
151 363
152 195
153 340
154 241
154 302
155 281
156 243
156 184
157 196
157 409
157 173
158 345
159 180
159 230
160 308
161 227
161 341
161 282
162 186
162 207
164 165
164 233
164 170
164 203
165 420
166 245
171 427
172 327
176 371
177 320
177 450
178 279
178 377
178 285
180 280
181 395
181 398
182 213
184 339
188 437
188 425
192 402
193 480
193 321
193 200
193 328
193 250
193 235
195 332
196 237
196 381
197 365
198 349
200 204
202 467
204 240
205 219
205 251
205 236
206 260
206 471
206 346
207 291
207 493
208 224
208 266
209 384
209 465
209 214
211 265
211 284
213 252
214 262
215 277
216 487
217 310
218 336
218 428
219 301
221 351
226 390
226 239
227 244
228 229
228 325
231 484
232 248
233 273
233 329
234 385
235 249
236 289
237 426
238 481
238 397
239 337
239 334
239 415
240 247
243 256
245 417
249 338
250 297
250 270
254 372
258 367
260 468
262 307
262 404
263 414
264 490
264 462
266 316
272 299
274 406
276 314
278 298
279 423
280 356
280 343
287 324
290 333
294 319
296 408
296 411
297 455
298 434
298 458
299 396
300 305
305 419
306 388
308 496
309 331
320 387
320 335
323 482
323 444
325 491
330 379
331 366
332 424
338 495
341 376
342 440
342 382
344 380
347 386
349 452
350 421
357 375
362 368
369 422
381 439
383 478
388 446
389 393
392 442
397 405
398 483
401 497
406 459
410 451
413 461
422 456
426 438
426 489
426 445
427 476
439 449
446 477
457 475
459 474
482 488
