500
0 16
0 1
0 3
0 8
0 10
0 45
1 2
1 4
1 5
1 69
1 13
3 290
3 6
3 214
3 9
3 15
3 367
4 222
4 31
5 19
5 67
5 166
5 7
5 136
5 12
5 14
6 181
6 29
6 157
7 241
7 439
7 62
7 175
8 197
8 358
9 36
9 423
10 160
10 18
10 99
10 23
10 90
10 11
11 320
11 66
11 82
11 47
12 225
12 30
13 481
13 130
13 218
13 46
14 48
14 21
14 277
14 24
15 53
15 254
16 17
16 51
16 403
16 490
16 59
16 270
16 111
16 207
17 417
17 135
17 75
17 267
18 20
19 115
19 22
19 25
19 42
20 253
21 32
21 468
21 89
21 346
22 33
22 49
22 129
22 178
22 40
22 26
22 108
23 480
23 113
23 340
23 77
24 128
24 52
24 56
24 72
24 27
24 43
24 174
25 321
25 68
25 38
25 39
25 396
25 237
26 64
26 274
26 44
27 386
27 132
27 37
27 361
27 28
28 35
28 404
28 134
28 125
28 478
29 296
30 34
30 194
30 315
30 94
31 208
31 229
31 152
31 121
31 489
31 348
32 224
32 167
32 248
32 61
32 302
33 209
33 41
33 63
34 405
34 294
35 210
35 196
35 55
35 124
36 261
36 104
36 378
36 91
36 79
37 147
37 116
38 231
39 80
39 50
40 65
40 286
41 70
42 309
42 102
42 151
42 105
42 58
42 78
43 179
44 298
44 235
45 384
47 100
47 73
47 236
48 83
48 133
48 139
49 85
49 57
50 81
50 397
51 86
51 76
52 74
52 107
52 159
53 54
53 412
55 275
55 87
56 190
56 431
58 450
58 436
59 101
59 185
59 60
60 371
60 266
60 92
60 477
61 457
61 252
62 122
63 144
64 226
64 187
64 476
65 131
66 106
66 110
67 71
67 202
68 452
69 120
70 176
70 182
70 234
72 366
73 88
75 483
75 123
75 223
76 418
76 437
77 126
78 145
78 177
78 84
79 462
81 443
82 93
83 96
83 333
83 191
84 291
84 393
84 189
85 98
86 112
86 484
86 153
87 114
87 284
88 95
88 255
91 238
92 97
92 289
92 453
92 103
92 199
92 232
92 332
93 183
93 200
96 227
96 149
96 342
97 426
98 330
99 279
100 259
100 469
102 338
102 163
102 295
103 109
105 356
107 438
107 383
108 352
108 195
108 365
109 211
109 276
110 382
111 117
112 150
112 473
113 140
113 188
114 118
115 307
115 293
115 156
117 250
118 326
118 119
120 138
120 127
120 351
121 215
122 410
122 204
122 414
124 146
124 263
125 256
125 301
126 168
127 161
128 247
128 137
128 395
128 158
129 193
129 213
129 375
129 216
130 434
130 498
130 155
131 424
131 201
132 350
132 143
133 205
134 164
134 142
136 148
136 154
136 141
136 206
137 387
137 409
137 269
137 349
138 464
138 221
139 435
139 347
140 400
140 244
141 304
142 243
142 173
144 341
144 264
146 359
146 445
148 180
148 172
149 184
149 170
150 272
150 288
152 496
152 339
152 312
153 306
156 287
157 162
157 165
157 239
158 186
159 262
159 169
160 313
162 433
164 171
166 217
166 345
167 455
170 308
171 212
171 245
171 233
171 297
172 203
172 219
173 399
174 240
174 334
176 220
178 325
178 360
179 413
181 265
183 192
183 258
185 373
189 246
189 278
189 474
191 429
194 257
194 198
195 228
197 380
199 497
200 242
201 372
203 465
204 485
207 441
208 389
208 374
208 281
210 432
210 401
210 327
211 428
212 300
214 249
214 285
214 271
216 230
217 251
219 385
220 310
220 493
221 354
223 486
223 328
224 322
225 319
226 425
229 260
230 316
235 394
238 280
239 283
239 479
242 369
243 368
244 408
247 318
248 268
249 282
251 331
253 314
254 323
258 305
258 381
259 353
263 299
263 363
266 451
267 273
267 420
267 335
269 292
269 472
271 357
273 388
273 446
274 407
276 415
278 303
279 419
283 411
283 475
285 311
286 448
300 460
302 329
303 337
308 317
309 336
310 499
312 447
313 379
315 482
320 324
320 344
321 456
322 376
324 370
325 391
326 355
329 406
334 487
338 392
341 343
343 461
353 427
355 364
356 362
358 458
362 377
365 390
366 402
367 422
386 416
388 454
389 398
391 470
394 444
397 430
399 471
400 449
400 466
400 491
402 463
404 459
408 494
411 421
417 440
421 442
426 467
477 492
479 488
487 495
