500
0 64
0 1
0 195
0 22
0 23
0 44
1 17
1 2
1 3
1 4
1 6
1 7
1 327
1 76
2 16
2 112
2 273
2 5
2 277
2 357
2 198
2 461
3 65
3 66
3 404
3 213
3 8
3 9
3 43
3 397
3 30
3 398
4 81
4 10
5 135
5 265
5 11
5 107
6 385
6 115
6 12
6 13
7 51
7 212
7 73
7 218
8 133
8 24
8 474
8 126
9 258
10 289
10 21
10 54
10 29
10 14
11 32
11 208
11 33
11 118
12 113
12 18
12 116
12 86
12 478
12 47
13 48
13 132
13 89
13 15
14 333
15 36
15 55
15 25
15 60
16 37
16 233
16 171
16 141
17 130
17 19
17 419
17 20
17 84
17 38
17 26
17 42
17 59
17 77
17 255
18 321
18 90
18 75
18 91
18 190
19 376
19 286
19 31
19 319
20 201
20 28
20 61
21 193
21 99
21 373
23 34
23 146
23 35
23 67
23 168
24 336
24 169
24 74
24 27
24 268
25 314
25 46
26 80
26 358
27 128
27 39
28 50
28 114
28 117
28 165
28 40
28 136
29 372
29 58
30 94
31 180
31 315
32 129
32 246
32 109
33 95
34 460
35 320
35 70
35 72
35 312
35 236
35 252
36 241
36 199
37 271
38 248
38 41
39 52
39 53
39 92
41 45
42 96
42 416
42 56
42 142
42 415
43 57
44 322
44 85
44 102
44 410
45 161
45 82
45 490
47 49
47 152
47 154
48 87
48 200
48 330
49 293
50 384
50 97
50 244
50 149
50 424
51 389
52 124
53 409
53 202
54 162
54 88
54 137
55 62
55 254
55 462
56 151
56 215
57 69
57 122
57 63
58 68
58 203
58 334
59 378
60 352
60 104
60 143
61 71
61 103
61 359
61 105
61 266
63 483
63 302
64 347
65 155
65 79
66 493
66 78
67 417
67 178
68 206
70 429
71 166
71 93
71 157
72 164
73 306
73 217
73 127
73 159
75 459
76 145
76 242
76 83
76 172
78 139
79 480
79 497
79 188
80 131
80 356
80 316
80 270
82 111
84 98
84 123
84 125
85 473
86 134
86 295
86 120
87 226
87 298
87 318
88 228
88 119
89 163
89 108
90 194
91 380
92 181
93 353
93 100
94 307
94 287
97 177
97 167
98 101
99 457
99 106
99 222
100 234
100 251
101 342
103 259
103 148
103 231
103 121
103 249
104 323
104 183
104 110
107 276
107 348
108 179
108 420
109 283
110 230
110 383
111 405
112 235
112 175
113 211
113 197
113 285
115 284
116 138
117 225
117 232
121 229
121 361
122 147
123 144
123 216
123 301
123 477
124 160
124 278
125 275
125 435
127 153
129 173
129 494
130 227
130 170
131 156
132 346
133 224
135 337
135 442
135 158
136 256
136 299
137 140
138 204
138 189
138 237
139 291
140 412
142 325
143 368
144 399
145 150
145 219
146 280
146 360
146 427
146 317
148 205
149 391
149 184
150 338
151 185
154 240
155 192
155 309
155 174
156 425
158 186
159 471
160 238
161 239
162 210
163 207
164 209
164 377
165 288
167 176
167 491
169 345
170 476
171 339
172 187
172 267
175 308
175 421
176 182
177 196
179 481
181 407
182 281
182 331
183 470
184 191
185 326
185 220
186 260
186 279
189 446
189 223
191 403
192 496
193 214
195 452
198 247
200 466
200 245
200 439
200 264
200 458
200 300
200 365
201 274
201 438
202 272
202 418
202 351
203 297
204 250
204 350
205 484
206 243
207 371
208 432
209 362
215 495
216 263
218 492
218 221
220 324
221 257
222 475
223 469
223 367
225 428
226 464
228 262
228 332
231 487
232 343
232 381
235 311
236 282
238 370
238 296
239 253
241 313
242 310
242 426
242 444
243 335
248 465
253 341
254 269
255 261
256 290
256 392
262 400
264 448
273 379
275 305
275 455
277 445
279 363
282 408
283 388
285 304
285 294
290 292
290 375
292 340
292 382
293 374
294 449
294 364
294 303
298 401
299 354
302 467
302 406
307 454
309 411
312 366
313 394
315 328
316 349
319 387
322 355
325 344
327 329
329 456
330 369
336 453
338 499
338 441
339 402
339 390
345 434
346 430
348 463
353 482
355 437
364 395
366 498
367 423
370 393
371 431
371 447
374 414
377 386
379 422
382 451
382 440
384 396
387 413
390 468
392 443
405 433
417 486
420 436
422 485
428 488
435 489
436 450
459 472
475 479
