500
0 1
0 33
0 2
0 3
0 5
0 7
0 39
0 200
0 43
0 12
0 18
0 85
0 185
1 128
1 256
1 4
1 84
1 132
1 9
1 11
1 27
1 141
1 62
2 147
2 388
2 26
2 109
3 51
3 20
3 21
3 53
3 6
3 108
3 381
3 335
4 37
4 8
4 10
5 32
5 64
5 105
5 14
5 15
6 66
6 54
6 25
6 31
7 399
8 49
8 34
8 60
8 46
8 159
9 16
9 98
9 187
10 264
10 89
10 313
10 13
11 160
11 272
11 315
13 193
13 41
14 19
14 375
14 392
14 73
15 17
15 68
17 80
17 97
17 70
17 24
18 23
18 72
18 202
19 76
19 45
20 86
20 87
20 42
20 123
20 268
21 22
21 59
21 29
21 30
22 112
22 40
23 209
23 166
23 28
24 50
24 133
24 38
24 71
24 56
25 297
25 220
26 69
26 55
26 92
27 96
27 497
27 405
28 94
28 142
28 287
29 116
29 229
29 103
31 101
31 170
32 83
32 151
33 35
33 67
33 36
33 420
33 296
33 77
34 152
34 186
34 474
34 333
34 47
35 81
35 289
36 189
37 65
37 261
37 277
37 251
37 284
37 158
37 222
38 107
38 44
38 396
39 74
40 242
40 180
41 48
41 155
42 240
43 339
43 246
43 57
44 52
44 341
44 283
45 150
45 374
46 88
46 429
46 79
47 360
47 91
48 452
48 299
48 61
49 178
49 458
51 93
52 99
52 329
52 203
52 492
52 78
53 210
53 75
53 63
54 131
54 125
55 58
57 361
57 475
57 95
59 144
59 126
60 154
62 183
62 153
63 192
63 263
63 407
63 348
65 389
66 449
67 481
67 163
67 100
67 311
68 244
68 390
68 199
68 351
69 120
69 317
69 495
70 259
70 104
70 90
70 110
71 118
71 456
71 137
72 435
72 213
73 115
73 235
74 301
75 164
75 395
75 479
76 321
76 323
76 168
77 82
77 226
78 322
78 188
79 241
79 211
79 309
79 265
80 111
81 148
81 197
81 245
81 252
81 478
82 279
82 473
85 225
85 136
86 176
86 162
86 340
87 354
87 293
87 218
87 362
90 480
90 194
90 102
90 412
91 165
91 344
92 238
93 129
93 364
94 288
94 300
95 331
95 156
96 206
97 122
99 161
100 423
100 124
100 239
101 484
101 175
103 273
103 114
104 171
104 127
105 487
105 106
105 219
106 117
107 113
107 119
107 494
108 260
108 121
108 138
109 198
109 394
110 182
111 145
111 443
114 157
116 419
117 172
117 205
118 237
119 146
119 167
119 346
119 255
121 208
121 139
121 350
122 130
122 135
122 143
125 278
125 169
126 433
126 308
126 149
126 343
127 453
127 359
127 493
128 134
128 221
130 181
133 464
133 267
133 140
133 397
138 498
139 271
140 275
140 248
141 319
144 499
144 380
145 247
145 376
146 212
147 177
147 358
148 266
149 191
150 230
151 224
153 179
153 314
153 223
154 401
155 306
155 370
155 262
155 201
157 215
157 398
160 184
160 347
161 488
161 365
163 173
164 290
165 483
165 382
167 258
167 426
168 196
168 469
168 295
169 174
169 334
170 432
170 356
171 227
171 489
173 253
176 446
178 391
178 190
179 281
180 195
180 345
181 292
182 320
182 207
184 460
185 214
186 269
188 204
190 233
192 336
192 416
197 337
197 249
198 455
199 243
200 472
201 228
201 270
201 302
202 217
203 232
203 425
205 471
205 216
207 355
207 491
208 418
209 307
210 305
211 384
211 318
213 411
213 366
217 254
221 310
221 231
221 234
223 312
225 304
225 377
225 236
226 438
227 415
228 490
229 439
230 298
231 371
235 282
236 368
236 421
237 291
237 276
237 285
238 286
240 342
243 257
244 454
247 467
248 274
249 250
254 413
255 326
260 386
264 369
264 447
265 372
266 303
268 328
270 408
270 427
271 330
271 442
272 280
272 349
274 316
276 431
282 327
284 461
286 406
287 294
287 379
289 402
294 482
295 353
298 393
299 434
300 325
303 383
305 403
306 466
307 324
313 409
314 332
316 468
320 373
321 352
324 424
324 445
327 430
329 400
331 367
334 451
336 404
337 338
340 450
340 387
342 470
345 357
348 440
348 363
355 457
356 410
362 428
366 385
366 378
371 477
377 459
380 463
389 422
397 496
400 417
402 441
403 437
410 414
411 448
414 436
420 486
433 462
440 444
451 476
455 465
462 485
